[Version]
AppVersion=4.2.936
Version=326

[Black & White]
Enabled=true
Method=LumEqualizer
Auto=false
ComplementaryColors=true
Setting=NormalContrast
Filter=None
MixerRed=43
MixerOrange=33
MixerYellow=33
MixerGreen=33
MixerCyan=33
MixerBlue=30
MixerMagenta=33
MixerPurple=33
GammaRed=0
GammaGreen=0
GammaBlue=0
Algorithm=SP
LuminanceCurve=1;0.11286681715575619;0.4798283400539744;0.34999999999999998;0.34999999999999998;0.32430398796087273;0.43002257336343047;0.34999999999999998;0.34999999999999998;0.58465011286681712;0.50028273178437566;0.34999999999999998;0.34999999999999998;0.695259593679458;0.55756207674943459;0.34999999999999998;0.34999999999999998;0.73664409330323444;0.50000000000000089;0.34999999999999998;0.34999999999999998;0.79458239277652365;0.53724604966139899;0.34999999999999998;0.34999999999999998;0.8893905191873589;0.52702940209951377;0.34999999999999998;0.34999999999999998;0.96840000000000004;0.45485327313769708;0.039999999999999807;0.34999999999999998;
BeforeCurveMode=Standard
AfterCurveMode=Standard
BeforeCurve=1;0;0.023696682464454978;0.052132701421800952;0.071090047393364969;0.13744075829383912;0.1421800947867301;0.24170616113744078;0.26066350710900477;0.42180094786729744;0.46445497630331634;0.76303317535545023;0.80094786729857814;1;0.976303317535545;
AfterCurve=0;

[Luminance Curve]
Brightness=0
Contrast=0
Chromaticity=0
AvoidColorShift=false
RedAndSkinTonesProtection=0
LCredsk=true
LCurve=1;0;0;0.028130000000000006;0.011129999999999991;0.11753999999999999;0.069540000000000171;0.28491000000000005;0.24569000000000013;0.44636999999999999;0.44057000000000052;0.63934999999999997;0.63034999999999985;0.7688299999999999;0.74083000000000154;0.86119000000000001;0.84019000000000121;0.88968000000000003;0.89167999999999992;1;1;
aCurve=0;
bCurve=0;
ccCurve=0;
chCurve=0;
lhCurve=0;
hhCurve=0;
LcCurve=0;
ClCurve=0;
