[Version]
AppVersion=4.2.995
Version=326

[Luminance Curve]
Brightness=0
Contrast=0
Chromaticity=0
AvoidColorShift=false
RedAndSkinTonesProtection=0
LCredsk=true
LCurve=1;0;0;0.024929999999999997;0.0013499999999999851;0.14032999999999998;0.050349999999999978;0.36109999999999998;0.35003000000000178;0.56808000000000003;0.56189000000000167;0.76099000000000006;0.73039999999999738;0.87112999999999996;0.87459999999999738;0.94413999999999998;0.97003999999999746;1;1;
aCurve=0;
bCurve=0;
ccCurve=0;
chCurve=1;0.0096500000000000006;0.53800000000000003;0.34999999999999998;0.34999999999999998;0.16666666666666666;0.5;0.34999999999999998;0.34999999999999998;0.25133689839572193;0.54812834224599083;0.34999999999999998;0.34999999999999998;0.33333333333333331;0.5;0.34999999999999998;0.34999999999999998;0.5;0.5;0.34999999999999998;0.34999999999999998;0.65122000000000002;0.5;0.34999999999999998;0.34999999999999998;0.72991518716577541;0.67617647058823527;0.33999999999999997;0.34999999999999998;0.83333333333333326;0.5;0.34999999999999998;0.34999999999999998;0.98455999999999999;0.43599999999999994;0.34999999999999998;0.34999999999999998;
lhCurve=1;0.017393422459893042;0.52536342245989298;0.34999999999999998;0;0.13711000000000001;0.53300000000000003;0.34999999999999998;0.34999999999999998;0.30713000000000001;0.52800000000000002;0.34999999999999998;0.34999999999999998;0.60711999999999999;0.57600000000000007;0.34999999999999998;0.34999999999999998;0.68983957219251335;0.5187165775401068;0.34999999999999998;0.34999999999999998;0.73261898395721925;0.53507721925133689;0.34999999999999998;0.34999999999999998;0.79344000000000003;0.52059999999999995;0.34999999999999998;0.34999999999999998;0.89569289843512878;0.53474903474903468;0.34999999999999998;0.34999999999999998;0.98455999999999999;0.53442999999999996;0.34999999999999998;0.34999999999999998;
hhCurve=0;
LcCurve=0;
ClCurve=0;

[HSV Equalizer]
HCurve=1;0.019109999999999999;0.50600000000000001;0.34999999999999998;0.34999999999999998;0.069519999999999998;0.49664999999999998;0.34999999999999998;0.34999999999999998;0.080799999999999997;0.49934999999999996;0.34999999999999998;0.34999999999999998;0.15356;0.501;0.34999999999999998;0.34999999999999998;0.23529;0.50019000000000002;0.34999999999999998;0.34999999999999998;0.28936000000000001;0.496;0.34999999999999998;0.34999999999999998;0.60280999999999996;0.50502999999999998;0.34999999999999998;0.34999999999999998;0.67566999999999999;0.504;0.34999999999999998;0;0.76402999999999999;0.49910999999999994;0.34999999999999998;0.34999999999999998;0.91276000000000002;0.498;0.34999999999999998;0.34999999999999998;
SCurve=1;0.016088609625668444;0.85228342245989308;0.099999999999999797;0.34999999999999998;0.15556;0.50899999999999979;0.34999999999999998;0.34999999999999998;0.23262032085561496;0.97610128677593566;0.34999999999999998;0.34999999999999998;0.28336;0.80400000000000005;0.34999999999999998;0.34999999999999998;0.60080999999999996;0.48999999999999999;0.34999999999999998;0.29999999999999993;0.67726620320855613;0.68702368983957185;0.34999999999999998;0.34999999999999998;0.70321;0.59194999999999998;0.34999999999999998;0.34999999999999998;0.74902999999999997;0.7186499999999999;0.34999999999999998;0.34999999999999998;0.91076000000000001;0.57300000000000006;0.34999999999999998;0.31999999999999995;
VCurve=1;0.020109999999999999;0.59160962566844921;0.029999999999999805;0.34999999999999998;0.15356;0.52500000000000002;0.34999999999999998;0.34999999999999998;0.23529;0.49812000000000001;0.34999999999999998;0.34999999999999998;0.28336380255941501;0.5;0.34999999999999998;0.34999999999999998;0.60180999999999996;0.60600000000000009;0.34999999999999998;0.34999999999999998;0.74902999999999997;0.89342999999999995;0.34999999999999998;0.34999999999999998;0.82239382239382242;0.83204633204633205;0.34999999999999998;0.34999999999999998;0.90876000000000001;0.54800000000000004;0.34999999999999998;0.34999999999999998;

